# Camera list with one line of data per camera:
#   CAMERA_ID, MODEL, WIDTH, HEIGHT, PARAMS[]
# Number of cameras: 33
1 SIMPLE_RADIAL 1024 1600 2664.51 512 800 -0.134701
2 SIMPLE_RADIAL 1600 1161 1773.07 800 580.5 0.0359964
3 SIMPLE_RADIAL 1054 1600 2049.16 527 800 -0.309738
4 SIMPLE_RADIAL 1135 1600 2587.99 567.5 800 0.104773
5 SIMPLE_RADIAL 1600 1152 1870.43 800 576 -0.0611477
6 SIMPLE_RADIAL 1581 1218 2982.46 790.5 609 -0.0122345
7 SIMPLE_RADIAL 1059 1600 4071.39 529.5 800 -0.579699
8 SIMPLE_RADIAL 1600 1110 1983.49 800 555 0.0351468
9 SIMPLE_RADIAL 1600 1178 2426.79 800 589 0.119628
10 SIMPLE_RADIAL 1600 1154 1475.01 800 577 -0.0532702
11 SIMPLE_RADIAL 1600 1169 2302.23 800 584.5 -0.114957
12 SIMPLE_RADIAL 1593 1206 1531.29 796.5 603 -0.162916
13 SIMPLE_RADIAL 1600 1152 2578.57 800 576 -0.0500836
14 SIMPLE_RADIAL 1600 1180 1998.28 800 590 0.0991565
15 SIMPLE_RADIAL 1600 1148 2191.41 800 574 0.106708
16 SIMPLE_RADIAL 1128 1600 1402.38 564 800 0.151596
17 SIMPLE_RADIAL 1600 1132 1767.26 800 566 0.162024
18 SIMPLE_RADIAL 1600 1125 976.201 800 562.5 -0.0660183
19 SIMPLE_RADIAL 1064 1600 2391.89 532 800 -0.224667
20 SIMPLE_RADIAL 1036 1600 2361.3 518 800 -0.139427
21 SIMPLE_RADIAL 1600 1158 2129.94 800 579 0.154038
22 SIMPLE_RADIAL 1174 1600 1542.53 587 800 -0.228584
23 SIMPLE_RADIAL 1171 1600 1501.2 585.5 800 -0.228312
24 SIMPLE_RADIAL 1166 1600 1553.84 583 800 -0.389573
25 SIMPLE_RADIAL 1179 1600 1476.18 589.5 800 -0.121655
26 SIMPLE_RADIAL 1600 1071 895.071 800 535.5 -0.00393255
27 SIMPLE_RADIAL 1600 1184 1022.96 800 592 -0.0563513
28 SIMPLE_RADIAL 1174 1600 1363.93 587 800 0.00339495
29 SIMPLE_RADIAL 1061 1600 916.758 530.5 800 -0.0595509
30 SIMPLE_RADIAL 1552 1247 2270.08 776 623.5 0.0191721
31 SIMPLE_RADIAL 1600 1137 2179.04 800 568.5 0.113637
32 SIMPLE_RADIAL 1582 1217 1385.53 791 608.5 0.0186537
33 SIMPLE_RADIAL 1233 1566 1114.61 616.5 783 0.0459736
