# Image list with two lines of data per image:
#   IMAGE_ID, QW, QX, QY, QZ, TX, TY, TZ, CAMERA_ID, NAME
#   POINTS2D[] as (X, Y, POINT3D_ID)
# Number of images: 33, mean observations per image: 30.393939393939394
1 0.977319 0.0172594 -0.21088 0.00886347 0.997378 -0.00234735 4.90986 1 df_dat_0008340.jpg
87.5217 638.409 104 417.53 647.687 47 563.541 659.558 145 664.278 604.989 105 667.953 357.936 121 588.859 585.759 -1 776.091 492.329 109 663.519 730.534 146 785.517 538.355 40 678.842 69.7184 37 720.888 204.847 8 640.122 198.033 111 694.233 195.428 152 856.981 495.156 31 129.9 612.734 113 149.319 656.601 114 260.379 773.946 -1 318.957 599.546 116 351.682 621.426 51 364.6 658.379 117 246.505 431.447 11 621.152 597.59 167 700.796 592.064 202 621.477 766.957 125 815.98 662.473 56 623.219 572.534 157 687.016 567.503 203 625.809 735.941 151
2 0.99988 0.00114386 -0.0152244 -0.00265246 1.48159 0.22132 5.87292 2 df_hauptkatalog_0006380.jpg
955.405 684.368 103 1420.09 553.244 1 1461.8 505.937 57 833.709 565.118 104 1033.92 561.11 47 1074.38 545.59 105 1239.66 637.852 3 1043.76 529.546 106 1067.69 658.703 107 1080.37 658.604 108 1157.07 475.11 109 1287.27 496.467 42 1175.44 483.956 130 1190.35 574.144 6 1085.21 246.476 37 1110.65 320.218 8 1062.8 321.064 111 1088.42 319.122 152 1267.61 571.711 81 1207.25 473.506 31 858.158 549.629 113 861.012 576.305 114 919.077 634.618 115 957.911 538.959 116 979.783 549.03 51 978.135 573.823 117 921.816 450.233 11 1177.07 470.978 136 1203.26 468.666 120 1202.01 283.995 137 1540.25 511.925 -1 1513.48 518.329 -1 534.12 429.072 12 1558.68 621.136 -1 1221.47 518.498 13 1245.22 530.691 14 1268.76 543.397 15 1292.35 525.504 32 1314.04 536.905 16 1335.58 549.415 17 1298.44 626.561 18 1322.59 657.554 19 1334.46 575.846 20 1368.07 629.177 21 1390.61 659.767 22 1399.87 582.085 55 1428.45 631.794 23 1054.05 630.812 125 1090.79 628.753 200 1153.19 571.872 56 1085.39 614.318 188 1140.86 553.842 24
3 0.947698 -0.00674832 -0.318351 0.0218265 0.633018 0.0850817 4.46701 3 df_hauptkatalog_0006664.jpg
204.052 870.446 25 194.454 721.358 47 311.302 736.169 145 469.372 676.933 105 389.465 655.412 106 476.923 209.011 59 401.338 718.725 224 545.302 586.867 109 384.604 744.883 269 624.205 733.269 6 477.335 231.218 37 509.521 342.129 8 445.843 332.45 111 495.257 333.469 -1 733.231 737.608 -1 609.83 592.944 31 73.1169 820.233 115 122.829 674.205 116 147.943 691.861 51 165.112 723.199 117 60.9559 527.2 164 364.369 609.912 136 403.85 608.109 120 392.766 356.004 137 389.999 636.58 165 353.568 735.699 166 602.562 726.852 234 433.522 645.141 157 491.072 641.56 203
4 0.995216 -0.0336108 -0.0906191 0.0142738 0.42629 0.37274 4.3773 4 df_hauptkatalog_0008027.jpg
236.565 1074.99 103 1108.64 892.003 1 71.4022 872.023 104 442.553 880.43 47 499.939 823.635 105 512.578 568.539 121 803.191 1010.8 3 447.24 800.211 106 537.868 242.934 59 484.292 1045.44 107 506.435 1043.39 108 660.677 706.962 109 692.964 730.857 130 715.895 889.824 6 496.53 953.609 146 625.616 753.164 40 696.114 886.417 -1 538.249 266.087 132 581.727 407.82 8 493.027 404.259 111 538.348 399.727 152 857.672 886.543 81 751.839 707.525 31 119.925 849.601 113 157.279 862.101 -1 121.938 891.314 114 226.032 1003.2 115 302.672 833.026 116 343.155 852.867 51 336.048 889.327 117 241.804 667.089 11 713.694 728.552 -1 745.829 726.443 120 753.3 402.964 101 777.411 792.445 13 818.696 820.077 14 858.681 849.659 15 900.942 816.176 32 938.001 841.207 16 973.759 870.139 17 910.694 992.694 18 951.329 1049.58 19 972.543 908.858 20 1032.27 1005.05 21 1087.57 918.534 55 1133.7 1015.45 23 453.922 1020.74 127 645.719 1009.04 128
5 0.991849 0.00684946 0.127178 -0.00378788 1.8471 0.300206 6.56812 5 df_hauptkatalog_0043485.jpg
964.199 707.467 -1 1202.59 562.729 105 1352.84 650.771 3 1180.7 547.02 276 1222.42 263.846 59 1194.54 669.909 -1 1203.76 669.508 282 1295.02 494.563 109 1456.52 505.403 -1 1324.91 500.911 130 1312.35 589.12 6 1222.2 276.792 37 1245.82 346.076 8 1199.86 349.468 111 1381.77 587.136 81 1343.16 492.269 31 151.302 406.424 135 1390.89 479.134 136 1415.09 476.332 120 1425.81 287.033 101 1359.95 534.232 13 1389.36 545.486 14 1417.81 558.592 15 1447.42 537.69 32 1474.49 547.825 16 1502.35 561.272 17 1417.97 637.57 18 1449.34 665.548 19 1462.88 588.406 20 1507.14 638.948 21 1550.62 589.327 55 1270 588.393 56
6 0.73044 0.016321 -0.682019 0.0322742 0.0135834 0.0744833 9.39189 6 df_hauptkatalog_0043487.jpg
846.237 686.131 -1 557.884 495.856 105 505.695 471.342 -1 541.363 110.93 59 358.758 437.353 42 460.725 422.189 130 422.03 537.751 269 598.802 457.345 40 637.611 539.362 274 541.521 126.541 37 512.516 220.101 30 538.66 220.251 -1 569.926 218.887 152 285.758 434.951 247 85.9921 363.802 136 115.615 367.505 120 73.4385 105.88 137 922.663 604.079 183 903.315 498.021 184 709.145 611.153 288 473.196 414.698 235 1012.66 615.932 250 1009.54 607.696 251 1070.92 607.294 252 540.736 487.511 264 579.101 489.435 -1 622.356 540.075 234 544.998 472.18 157 577.226 472.692 -1
7 0.794635 0.0512069 -0.604876 0.00765112 1.13434 -0.924567 14.2697 7 df_hauptkatalog_0049366.jpg
828.192 581.211 -1 333.956 359.263 57 632.393 417.702 105 583.638 398.015 153 621.23 85.2851 59 562.96 441.511 224 643.337 539.68 -1 487.919 358.396 42 562.58 350.674 130 519.609 454.872 269 676.415 456.055 6 709.272 452.101 274 621.784 99.5998 37 597.062 180.256 30 616.949 179.269 -1 644.478 178.292 152 420.93 357.897 247 226.537 258.508 11 242.641 298.385 136 274.809 299.804 120 241.377 70.9993 137 881.641 512.737 288 555.14 382.892 165 536.04 452.772 166 567.073 344.491 235 611.498 408.707 167 654.012 411.486 202 695.933 455.384 56 618.963 397.3 157 646.937 398.105 -1
8 0.594906 -0.0264059 0.799531 -0.0783568 -0.223669 0.404289 4.78284 8 df_hauptkatalog_0054753.jpg
1302.99 655.907 33 1212.75 660.014 34 1400.73 655.938 35 1156.01 564.38 102 1042.26 110.253 59 1347.79 355.054 42 1315.54 524.135 61 970.231 506.983 40 1575.2 506.032 41 1042.74 133.433 37 1076.24 233.841 30 1032.09 227.061 8 1009.38 242.672 152 1282.57 326.379 63 1477.27 350.049 247 1384.4 321.699 74 895.046 590.872 81 1038.78 421.773 31 1557.35 365.655 -1 688.048 668.923 76 656.349 674.42 77 792.121 673.023 70 768.258 550.168 58 731.218 536.761 82 73.8155 707.344 65 365.412 721.774 -1 235.492 670.748 67 106.082 642.411 68 253.984 653.234 69 1057.63 486.898 13 1090.79 494.7 14 1127.19 507.752 15 1163.6 452.164 32 1206.51 459.64 16 1253.97 474.594 17 927.263 669.642 18 956.52 715.803 19 971.655 574.654 20 1021.12 655.266 21 1058.83 707.279 22 1117.99 532.711 55 1132.62 638.037 23
9 0.776723 -0.0262167 0.627457 -0.0480802 -2.21852 0.390075 5.59161 9 df_hauptkatalog_0058472.jpg
1069.09 508.069 1 1138.84 360.738 57 761.627 621.004 47 815.336 609.781 145 519.435 740.142 33 437.285 738.242 34 596.472 745.125 89 390.382 650.528 102 204.952 155.71 27 524.319 623.06 61 121.311 649.781 6 121.959 550.076 40 731.39 628.812 41 204.952 180.027 110 237.371 283.389 30 195.182 272.182 8 164.639 280.532 152 488.724 441.466 63 575.441 449.485 144 64.002 636.994 81 215.827 479.666 31 751.292 537.392 -1 654.555 614.676 51 665.916 471.432 -1 921.219 546.652 53 958.297 25.0155 137 209.612 754.966 43 166.057 754.457 44 277.62 759.296 85 255.715 661.233 -1 236.966 545.77 13 275.844 559.838 14 319.838 580.556 15 362.298 535.539 32 406.803 546.281 16 456.68 568.278 17 104.984 721.234 18 143.095 769.832 19 166.573 630.447 20 345.672 614.574 55 361.274 712.793 23 84.4774 652.168 56
10 0.999864 0.000821297 -0.0144538 0.0079371 1.63019 0.231177 3.24389 10 df_hauptkatalog_0061803.jpg
830.58 731.435 -1 1575.3 555.113 1 887.869 554.517 104 1125.65 554.974 47 1234.93 526.071 105 1242.25 340.091 121 1468.11 661.691 3 1260.16 102.21 -1 1220.53 685.242 107 1240.65 685.083 108 1340.83 438.029 109 1331.57 473.09 40 1260.48 121.633 132 1291.96 221 -1 1225.83 221.601 284 1265.71 211.581 -1 1509.58 569.883 81 1408.63 437.421 31 917.687 538.039 113 922.764 568.272 114 993.978 642.068 115 1041.94 525.614 116 1067.41 537.53 51 1067.39 569.103 261 998.563 414.358 11 499.411 358.282 12 1423.64 496.822 13 1448.46 516.261 14 1471.73 538.258 15 1496.29 511.145 32 1537.47 646.196 18 1561.25 685.842 19 1573.89 584.85 20 1259.59 515.346 202 1204.98 645.053 125 1258.94 644.078 200 1184.17 662.932 127 1347.24 660.329 128 1354.46 570.276 56 1251.46 496.167 203 1211.15 627.174 221 1249.51 626.198 193 1330.45 548.632 24
11 0.966825 -0.024465 -0.25326 0.0226013 -0.17256 0.691196 7.26035 11 df_hauptkatalog_0102974.jpg
252.08 839.612 25 183.646 691.675 104 403.108 698.221 47 530.618 685.016 105 535.296 534.093 121 487.045 668.641 106 548.065 342.564 59 607.367 614.865 109 547.941 355.963 37 572.881 440.652 8 522.261 436.682 111 553.651 434.696 152 658.95 616.276 31 212.331 677.59 113 222.519 707.9 114 292.659 777.336 115 334.082 670.203 116 361.845 711.976 117 290.552 561.642 11 551.77 674.987 202 505.614 675.643 -1 510.66 664.321 157 544.643 662.492 203
12 0.818587 0.0932068 0.565977 0.029977 -1.45125 -0.126449 4.26058 12 df_hauptkatalog_0122960.jpg
181.901 534.937 25 1361.2 387.191 201 1452.54 288.036 57 935.61 579.101 33 865.346 577.486 34 980.446 573.946 35 470.487 538.127 3 827.147 512.094 102 516.811 31.2391 27 492.738 608.232 39 864.783 305.653 4 646.325 308.377 29 916.247 482.896 36 498.99 457.524 131 517.313 43.7006 37 546.773 134.085 30 520.119 130.077 8 488.454 131.48 152 575.158 315.29 -1 924.499 316.098 144 473.783 457.672 81 834.107 253.673 11 1139.24 364.262 53 1127.61 865.617 43 1070.84 859.446 44 1142.42 842.989 70 1118.97 754.531 58 1478.16 245.141 -1 473.096 283.288 12 599.703 372.476 13 641.395 385.265 14 685.133 406.751 15 776.958 388.59 16 826.067 412.633 17 525.783 532.849 18 568.243 575.564 19 588.478 469.012 20 659.555 545.894 21 706.875 589.888 22 800.072 557.502 23 483.352 435.224 -1
13 0.69131 -0.0470014 0.714706 -0.0952667 -1.29294 0.551286 3.90394 13 df_hauptkatalog_0125915.jpg
1461.44 642.507 145 907.375 831.43 33 763.501 838.375 34 1048.99 838.375 35 679.075 685.423 102 502.632 50.1981 27 268.935 1018.19 39 953.068 369.585 4 920.448 649.459 36 383.869 613.494 40 1301.65 610.765 41 502.324 73.6508 37 549.498 222.753 30 484.149 205.718 8 449.519 228.618 152 1014.02 339 144 259.628 733.171 81 491.503 485.469 31 1205.1 464.382 11 520.628 583.953 13 571.033 591.39 14 625.983 614.114 15 685.478 532.722 32 749.104 536.027 16 822.924 563.302 17 307.138 854.909 18 352.197 927.822 19 380.479 706.443 20 456.878 830.557 21 515.164 914.572 22 634.361 801.151 23 389.711 730.738 24
14 0.537177 -0.0323483 0.837049 -0.0987132 0.209817 0.479216 4.156 14 df_hauptkatalog_0135373.jpg
1507.03 726.616 34 1430.81 605.981 90 1283.94 98.7689 59 1125.38 875.333 -1 1204.01 562.592 40 1284.96 123.73 37 1328.01 237.331 30 1274.26 234.019 8 1247.52 253.887 152 1109.97 662.573 -1 1285.9 457.226 31 671.791 714.023 76 642.094 725.244 77 837.351 718.098 70 804.441 537.653 58 747.79 517.906 82 159.829 812.376 65 499.237 823.998 71 345.968 768.997 67 210.653 736.625 68 378.765 746.703 69 1307.02 526.488 -1 1348.33 534.751 14 1395.02 545.08 -1 1439.23 471.952 -1 1493.35 475.257 16 1559.04 492.196 17 1182.5 807.646 94 1198.2 637.425 -1 1259.76 729.146 21 1307.69 791.12 22 1398.58 701.465 23
15 0.552116 -0.0187251 0.829738 -0.0796991 -0.00843061 0.391143 5.02603 15 df_hauptkatalog_0139876.jpg
1363.21 666.973 33 1272.57 674.419 34 1471.65 667.621 35 1212.68 575.037 102 1150.43 81.9005 59 993.664 794.16 39 1445.14 319.578 83 1386.19 538.456 36 1073.24 509.506 40 1151.23 105.549 37 1187.5 211.966 30 1138.6 209.561 8 1116.56 224.792 152 1472.71 303.141 144 982.28 603.485 81 594.008 701.945 76 573.353 706.469 77 701.865 702.26 70 680.262 583.207 58 642.891 571.381 82 131.414 741.176 65 430.425 748.792 71 294.948 699.892 67 168.891 672.636 68 320.2 679.651 69 1154.97 486.589 13 1186.17 491.465 14 1219.01 501.217 -1 1253.14 451.155 32 1292.8 454.731 16 1338.31 473.911 17 1011.93 687.163 18 1037.94 733.974 19 1049.32 586.388 20 1094.83 670.259 21 1128.63 724.222 22 1192.68 652.704 23
16 0.706416 -0.0368381 -0.702077 0.0818949 0.473453 0.363499 2.76062 16 df_hauptkatalog_0165219.jpg
428.273 741.122 -1 425.25 454.483 121 331.752 686.14 276 408.532 108.286 59 285.954 789.223 168 418.206 984.728 159 451.671 984.728 160 151.636 943.765 -1 435.021 882.804 146 112.544 800.9 238 407.768 139.87 37 359.373 289.894 30 392.995 253.725 284 454.635 282.762 152 114.623 876.95 171 450.317 1080.86 172 516.252 1077.45 173 170.95 876.302 278 755.013 961.397 -1 716.134 871.012 184 297.371 629.191 185 391.12 715.097 -1 484.907 732.449 202 391.947 920.436 125 481.602 923.741 200 258.01 946.557 175 509.623 953.994 -1 535.79 832.203 234 409.299 684.11 -1 481.189 701.462 220 410.126 884.904 151 487.426 891.102 193
17 0.667394 -0.0543342 0.735046 -0.106486 -0.874668 0.570445 3.66069 17 df_hauptkatalog_0168359.jpg
1138.64 747.171 33 1019.42 752.923 34 1248.45 751.354 35 948.826 633.178 102 767.766 185.355 59 618.164 891.487 -1 1139.69 397.046 83 1138.41 604.46 -1 687.14 604.339 40 1454.97 569.782 41 767.336 202.306 110 802.494 317.501 30 756.134 304.886 8 729.801 323.651 152 1201.91 364.929 74 607.257 685.832 81 768.173 505.272 31 222.078 555.116 43 159.574 590.591 44 494.053 599.038 85 439.784 323.281 88 351.936 275.697 -1 792.874 576.394 13 834.484 578.994 14 879.995 594.273 15 927.456 529.257 32 980.119 529.582 16 1043.18 546.161 17 646.263 771.766 -1 680.721 827.03 94 702.827 664.165 20 764.592 752.912 21 814.329 813.702 22 915.103 725.605 23
18 0.64044 0.0586768 0.765432 0.0225293 0.391808 -0.108926 3.03068 18 df_hauptkatalog_0168645.jpg
874.34 522.749 25 1104.13 517.627 3 1547.23 481.134 90 1171.58 37.8703 27 1123.57 588.463 39 1592.25 255.267 4 1301.45 288.964 242 1136.38 442.715 131 1171.54 55.479 37 1199.34 136.739 30 1170.95 130.905 8 1140.83 140.208 152 1111.73 431.386 -1 1221.26 295.626 31 1528.55 251.422 -1 467.473 582.377 65 677.528 552.549 71 594.695 526.049 67 472.652 497.886 68 583.074 491.367 69 1245.73 352.829 13 1293.81 362.804 14 1346.76 382.755 15 1403.03 343.11 32 1466.46 354.108 16 1538.85 377.128 17 1157.66 508.37 18 1203.55 555.865 19 1228.5 440.146 20 1309.61 521.652 21 1372.4 577.399 22 1504.02 539.966 23 1126.29 415.908 24
19 0.619304 -0.0307345 0.777484 -0.10505 -1.02161 0.436161 3.28255 19 df_hauptkatalog_0211747_003.jpg
682.041 927.206 33 514.137 943.032 -1 886.496 927.206 35 397.235 755.373 102 386.718 110.134 59 818.26 366.459 4 724.647 690.917 36 257.044 733.794 40 387.027 143.073 37 440.594 294.277 30 364.398 282.308 8 336.889 311.345 152 865.63 305.464 144 74.7052 867.87 -1 341.385 572.953 31 367.968 682.35 13 411.204 681.05 14 463.542 701.53 15 512.954 595.229 32 571.793 587.427 16 647.862 609.857 -1 162.437 824.093 20 221.33 962.897 21 268.137 1062.14 22 364.054 910.206 23
20 0.625744 -0.000930077 0.776842 -0.0704244 -0.978013 0.249555 4.50464 20 df_hauptkatalog_0212705_006.jpg
655.508 833.676 33 552.887 841.769 34 780.465 831.41 35 481.5 720.745 102 422.415 158.253 59 238.668 990.346 39 747.022 456.046 42 679.6 666.506 61 336.534 648.701 40 982.359 635.882 41 423.618 185.91 37 466.706 307.56 30 409.388 300.546 8 385.94 318.984 152 771.558 415.719 -1 222.772 758.198 81 405.837 541.801 31 429.086 624.152 13 463.378 633.655 14 498.084 651.834 15 534.855 578.292 32 580.302 584.489 16 629.467 603.907 17 256.596 858.594 18 288.779 914.833 19 297.565 733.884 20 352.112 837.098 21 392.274 900.579 -1 460.768 814.532 23
21 0.765906 -0.0132812 0.640721 -0.0518516 -2.12463 0.309563 4.84585 21 df_hauptkatalog_0356324.jpg
1116.19 419.664 1 1188.41 255.824 57 536.349 679.742 33 451.115 680.362 34 618.518 684.552 89 396.553 589.059 102 230.019 95.6019 59 557.694 398.248 42 543.012 558.493 61 150.232 500.154 40 760.75 559.539 41 230.019 118.782 37 265.657 228.06 30 220.4 216.233 8 192.174 225.852 152 597.225 376.503 144 84.2279 586.746 81 238.287 423.441 31 822.624 489.519 135 965.395 474.482 53 195.472 696.194 -1 170.346 582.574 88 261.14 491.782 13 300.018 502.013 14 341.966 522.731 15 383.402 471.831 32 428.163 482.062 16 476.761 503.804 17 181.488 575.935 20 243.189 662.913 21 288.375 717.527 22 312.431 553.687 100 370.945 655.112 23
22 0.819964 -0.0817748 -0.556914 0.104012 1.19619 0.534637 2.03591 22 df_hauptkatalog_0416751.jpg
419.177 958.671 57 143.643 964.309 145 895.636 865.175 105 760.298 810.733 153 707.284 945.289 168 877.909 1191.55 159 922.839 1190.97 160 551.307 1145.68 169 899.718 1057.56 146 505.159 965.826 -1 12.6366 849.713 -1 88.0468 911.53 261 190.972 445.1 -1 509.135 1063.54 171 919.713 1317.78 172 1010.3 1315.17 173 572.813 1062.52 174 686.541 787.959 165 639.672 960.133 166 837.914 841.077 167 961.711 852.843 202 840.145 1108.5 125 957.876 1111.11 -1 674.212 1144.82 175 1002.22 1148.72 128 1035.29 983.771 56 860.226 801.842 157 958.97 811.758 -1 866.518 1059.98 151 969.568 1064.86 193
23 0.838822 -0.0977362 -0.525377 0.103945 1.14869 0.543253 1.86983 23 df_hauptkatalog_0416752.jpg
466.111 997.012 57 162.652 1006.96 145 713.766 838.353 153 667.663 977.842 168 836.092 1225.12 159 885.283 1225.64 160 508.213 1180.19 169 859.364 1087.86 146 465.352 1006.41 238 21.0586 945.57 -1 68.8585 952.39 261 220.448 497.477 181 465.861 1100.4 171 866.077 1354.94 172 965.081 1353.34 173 523.808 1098.13 174 1154.51 1198.65 288 644.496 817.573 165 591.01 991.381 166 791.003 867.33 167 923.328 876.256 202 795.729 1140.91 125 930.155 1141.43 200 635.191 1179.18 175 982.701 1180.81 128 1016.23 1009.47 56 811.482 827.422 157 919.128 835.824 220 819.884 1090.5 151 920.178 1093.12 188
24 -0.441371 0.0390888 0.885029 -0.142785 0.644999 0.574172 3.0173 24 df_hauptkatalog_0416753.jpg
658.003 739.354 267 782.161 718.47 153 474.626 643.353 -1 644.237 999.194 169 605.054 817.603 238 245.849 302.317 -1 394.896 1135.24 277 631.543 911.294 171 856.661 1066.9 211 693.438 918.935 174 702.075 674.136 165 718.921 828.823 166 573.892 624.935 249 860.365 1097.1 212 876.799 1097.7 213 893.233 1097.5 197 642.116 817.726 275 840.27 793.19 -1 830.818 992.202 125
25 0.522274 -0.0172064 -0.846766 0.0996098 0.79373 0.761062 2.5515 25 df_hauptkatalog_0416755.jpg
683.841 931.557 267 821.171 925.332 153 730.141 1057.57 168 891.709 1316.52 282 111.099 812.109 4 488.01 787.826 29 580.302 1101.31 196 622.344 1306.88 169 570.949 1095.67 238 596.681 1214.61 171 983.903 1192.12 210 977.535 1118.26 -1 1024.4 1126.92 211 646.338 1100.93 272 677.936 1211.69 174 720.907 879.209 165 726.268 1086.46 166 598.488 785.563 249 1024 1168.91 212 1043.84 1169.31 213 1063.08 1169.31 197 679.74 1005.67 275 881.741 968.234 167 915.347 973.485 202 881.741 1242.34 125 913.56 1228.12 200 899.069 934.103 -1 927.425 937.778 203
26 0.608975 0.0330412 -0.792337 0.016146 0.294762 0.515805 2.49526 26 df_hauptkatalog_0429043.jpg
1332.4 911.356 266 762.667 964.109 204 778.715 956.799 205 134.9 526.751 1 146.231 464.273 57 677.033 595.499 105 602.358 566.712 153 556.677 643.226 168 668.826 801.657 159 688.363 793.359 160 357.071 467.11 4 507.368 463.155 242 471.101 667.876 196 451.183 797.152 169 682.123 707.865 -1 414.986 675.693 238 801.031 495.625 -1 303.08 878.173 277 422.937 746.072 171 712.808 896.307 172 752.86 875.808 173 962.015 674.993 210 1002.09 630.823 211 476.172 745.562 174 779.152 578.439 183 738.326 495.919 184 541.433 535.648 165 521.528 667.323 166 533.803 469.137 185 992.04 660.973 212 1004.94 660.973 213 1018.47 660.849 197 932.281 495.131 -1 659.195 587.261 264 711.374 583.68 202 650.658 755.656 125 711.805 738.716 200 536.432 781.929 175 665.897 565.534 157 714.358 563.033 203 661.4 729.248 221 713.122 714.959 188
27 0.819762 0.019864 -0.57197 0.0211026 1.64851 0.604336 1.88619 27 df_hauptkatalog_0429053.jpg
765.121 627.889 201 773.787 570.49 57 625.709 655.554 -1 1297.62 710.533 105 1200.5 673.071 153 1241.55 72.2115 27 1147.38 760.536 168 1285.1 960.363 159 1312.13 956.188 160 946.836 565.465 4 1095.6 554.478 242 1053.09 780.089 196 1030.25 916.67 169 1299.52 856.543 146 993.954 783.874 238 1242.22 97.1414 271 483.63 685.496 -1 653.261 710.746 -1 484.992 400.707 164 1495.86 588.736 -1 638.302 231.494 137 892.258 973.604 277 1001.63 858.111 171 1341.1 1089.02 172 1402.43 1077.39 173 1056.67 863.63 174 1457.2 696.882 183 1395.61 588.888 184 1132.02 640.261 165 1105.16 786.528 166 1122.45 560.972 185 1262.68 701.819 167 1343.95 698.243 202 1261.07 904.452 125 1345.59 892.424 200 1122.91 913.88 175 1282.19 673.537 157 1346.55 670.936 203 1283.5 871.294 151 1345.59 864.143 188
28 0.623773 0.0403202 -0.780433 0.0143445 0.364558 0.619924 2.40269 28 df_hauptkatalog_0429054_2.jpg
557.838 1566.81 204 582.672 1554.57 205 430.25 974.851 105 309.792 934.182 153 389.657 107.835 27 236.83 1053.4 168 415.062 1298.47 159 447.737 1284.79 160 159.913 743.926 -1 99.7485 1089.67 196 69.6199 1299.89 169 431.563 1163.46 146 9.48621 1112.38 238 389.432 141.109 271 643.585 726.706 -1 22.1918 1221.96 171 481.367 1449.99 -1 546.807 1414.98 -1 886.53 1062.2 210 950.207 992.414 211 107.087 1220.81 174 603.361 887.516 183 539.795 750.408 184 217.064 888.525 165 179.312 1097.09 166 203.04 760.322 249 932.492 1041.16 212 953.336 1041.16 213 974.056 1041.16 197 850.934 733.178 -1 388.508 967.855 167 486.839 953.808 202 386.855 1232.69 125 485.6 1199.64 200 204.653 1270.7 175 412.884 932.737 157 490.558 922.821 203 414.537 1185.18 151 485.6 1163.69 188
29 -0.0200139 0.0111316 0.998689 -0.0457777 -0.694548 0.801708 1.97217 29 df_hauptkatalog_0741057.jpg
932.716 1161.19 25 686.923 1147.7 266 625.755 1419.89 -1 615.397 1406.79 -1 864.497 1098.45 -1 176.702 1060.03 267 363.508 1041.19 276 255.637 214.627 59 288.969 1197.63 224 158.567 1329.63 196 289.958 1363.18 238 104.072 1103.66 274 255.267 245.604 -1 759.57 827.485 -1 761.059 789.271 -1 332.904 1489.1 171 463.602 1432.92 172 426.668 1393.18 173 143.603 1266.91 272 376.193 1419.16 278 291.486 1019.67 165 358.272 1248.95 -1 23.4658 890.026 235 66.0944 1077.95 212 81.6691 1073.52 213 96.8058 1069.3 197 111.733 1129.83 -1
30 0.768874 -0.0219666 0.636228 -0.0596939 -2.00758 0.569067 5.84209 30 df_pos-2012-c_0000033.jpg
610.969 817.591 33 537.218 817.19 34 678.908 819.996 35 491.1 739.886 102 310.089 292.71 59 613.56 569.792 42 612.495 713.341 61 246.328 651.42 40 798.143 715.56 41 310.214 311.562 37 342.066 409.643 30 303.748 405.858 -1 277.257 407.908 152 652.96 554.394 144 201.365 730.368 81 797.181 618.715 -1 965.593 632.145 53 991.307 149.959 101 350.663 647.883 13 386.983 656.068 14 425.094 675.507 15 463.205 633.304 32 504.385 643.279 16 548.89 663.23 17 277.45 848.544 19 293.711 724.372 20 350.593 801.083 21 392.528 847.894 22 416.229 710.048 100 469.175 795.478 23 218.872 742.572 56
31 0.768368 -0.00862289 0.637814 -0.0522372 -1.96584 0.382741 5.47358 31 df_pos-2012-c_0000034.jpg
648.123 690.833 33 570.106 691.48 34 717.076 691.804 35 521.836 611.138 102 332.046 151.621 59 648.18 435.023 42 647.153 582.61 61 268.342 520.594 40 838.434 585.265 -1 332.677 172.594 37 365.73 272.225 30 326.975 267.734 -1 299.247 269.571 152 688.416 417.813 144 223.117 602.712 81 837.124 484.299 135 1011.18 495.815 53 1034.49 4.55249 181 376.179 515.82 13 414.538 525.247 14 453.547 545.077 15 492.557 501.842 32 535.467 511.594 16 581.303 531.424 17 301.735 722.245 19 319.94 595.464 20 378.454 674.133 21 420.064 722.57 22 443.47 579.861 100 499.384 668.932 23 239.238 615.175 56
32 0.756506 -0.0681843 -0.645431 0.0804264 0.873636 0.507615 2.597 32 df_pos-2012-c_0000037.jpg
853.784 651.045 -1 753.948 603.047 153 802.393 49.7511 59 713.064 715.076 -1 852.822 898.047 159 884.926 897.367 160 696.022 581.717 -1 591.711 869.087 169 864.934 794.238 146 550.601 731.22 238 803.195 81.4158 37 763.513 225.31 30 795.379 187.232 111 854.5 206.872 152 260.941 294.698 -1 465.735 978.914 -1 558.192 806.912 171 891.961 997.232 172 958.297 991.621 173 608.879 802.837 174 1170.11 858.765 -1 1124.07 771.402 -1 661.909 719.758 166 714.666 553.003 -1 1467.22 846.361 250 1419.4 841.452 251 1522.8 835.118 252 815.526 627.606 167 904.354 638.348 202 822.136 835.011 125 911.378 835.424 200 692.818 866.411 175 960.092 738.841 -1 829.986 597.445 157 901.462 607.361 203 841.968 797 151 907.247 797.414 188
33 0.836862 -0.0326093 -0.541742 0.0715103 1.17953 0.317159 2.08993 33 df_pos-2012-c_0000038.jpg
822.839 716.043 105 728.942 676.847 153 693.651 766.392 224 809.859 947.906 159 844.412 948.876 160 577.334 912.046 169 826.819 852.704 146 547.553 790.456 238 802.401 182.413 37 760.623 324.215 30 784.404 287.657 111 845.452 300.434 152 368.924 414.101 137 553.966 855.355 171 831.949 1042.25 172 901.892 1040.85 173 594.65 853.752 174 1218 829.245 184 682.456 662.888 -1 640.198 782.688 166 715.069 628.561 235 781.335 699.446 167 781.746 889.072 125 667.157 912.86 175 796.938 671.815 157 869.106 679.291 203 799.65 853.775 151 869.478 858.123 188
