# Camera list with one line of data per camera:
#   CAMERA_ID, MODEL, WIDTH, HEIGHT, PARAMS[]
# Number of cameras: 20
1 SIMPLE_RADIAL 1128 1600 1085.37 564 800 -0.0516819
2 SIMPLE_RADIAL 1202 1597 2013.91 601 798.5 0.149874
3 SIMPLE_RADIAL 1210 1589 2467.87 605 794.5 0.15053
4 SIMPLE_RADIAL 1114 1600 2355.98 557 800 -0.247102
5 SIMPLE_RADIAL 1200 1600 2227.24 600 800 -0.0153979
6 SIMPLE_RADIAL 1207 1592 2675.1 603.5 796 -0.129438
7 SIMPLE_RADIAL 1193 1600 1856.29 596.5 800 -0.17912
8 SIMPLE_RADIAL 1229 1570 1562.13 614.5 785 -0.428892
9 SIMPLE_RADIAL 1174 1600 2412.85 587 800 -0.04384
10 SIMPLE_RADIAL 1600 1157 2331.06 800 578.5 -1.90336
11 SIMPLE_RADIAL 1600 1158 1711.83 800 579 -0.43475
12 SIMPLE_RADIAL 1125 1600 1497.26 562.5 800 0.061047
13 SIMPLE_RADIAL 1136 1600 1341.72 568 800 -0.0869858
14 SIMPLE_RADIAL 1136 1600 1420.75 568 800 -0.0521762
15 SIMPLE_RADIAL 1548 1251 2710.71 774 625.5 -0.15502
16 SIMPLE_RADIAL 1600 1172 840.535 800 586 -0.101797
17 SIMPLE_RADIAL 1579 1220 792.056 789.5 610 -0.233352
18 SIMPLE_RADIAL 1580 1219 1567.38 790 609.5 -0.327374
19 SIMPLE_RADIAL 1568 1231 1567.51 784 615.5 -0.295024
20 SIMPLE_RADIAL 1226 1573 1817.05 613 786.5 -0.367439
