# Image list with two lines of data per image:
#   IMAGE_ID, QW, QX, QY, QZ, TX, TY, TZ, CAMERA_ID, NAME
#   POINTS2D[] as (X, Y, POINT3D_ID)
# Number of images: 23, mean observations per image: 38.913043478260867
1 0.828477 0.015455 0.559749 -0.00824278 -5.20916 -0.30046 10.3028 1 df_hauptkatalog_0003408.jpg
1004.68 229.747 1 661.966 251.71 116 828.977 297.009 71 725.567 235.238 4 1138.29 280.994 5 840.357 448.072 6 859.798 354.037 8 801.409 366.677 9 916.283 362.206 10 880.17 317.839 11 859.088 423.274 13 858.8 393.381 14 859.088 372.685 15 988.097 322.985 66 638.017 339.7 17 1177.35 361.308 102 1203.51 367.919 103 1078.19 329.978 18 1150.91 325.666 52 911.833 384.347 19 806.397 387.692 20 735.385 390.249 45 964.315 414.26 100 948.128 368.836 39 1023.3 315.37 67 984.425 384.18 91
2 0.994388 -0.0839617 0.0637004 -0.00922828 1.20237 -0.567676 -2.70141 2 df_hauptkatalog_0006045.jpg
1315.53 309.399 48 593.835 57.5918 47 264.102 405.935 71 330.04 147.37 72 839.582 718.092 -1 908.984 723.758 7 164.363 575.329 -1 112.773 620.04 -1 250.346 437.068 51 860.278 510.266 8 754.119 509.247 9 975.956 549.143 10 792.983 445.275 11 864.377 667.08 13 865.107 596.939 14 864.742 551.64 15 1412.58 486.1 66 666.334 291.059 17 1013.06 552.961 18 1101.15 568.621 52 400.141 603.031 53 397.391 461.027 54 966.236 596.33 19 759.197 566.785 20 1105.74 620.331 21 1307.37 453.983 61 1093.55 743.395 -1 1021.94 545.795 24 1282.1 759.8 78 952.361 530.387 26 933.885 712.447 27 934.085 634.687 28 935.689 565.945 29 786.782 699.42 30 786.181 613.844 31 786.782 540.493 32 846.611 749.937 33 1360.5 666.631 100 1325.82 347.801 55 1094.4 697.693 -1 1088.76 591.316 37 1046.48 583.42 38 1010.05 577.561 39 1270.7 470.144 -1 1428.98 483.643 67 1409.73 607.392 91 499.685 418.549 43 471.323 539.933 44 449.164 320.319 56 470.97 283.29 57 254.146 467.042 58
3 0.931434 -0.0824569 0.351254 -0.0474454 -3.1384 -0.426929 -2.04282 3 df_hauptkatalog_0006047.jpg
1325.26 138.327 48 297.942 151.135 81 496.107 469.014 71 362.301 257.964 115 1099.76 466.955 5 741.562 717.073 6 833.908 717.356 7 786.157 493.358 8 636.589 514.577 9 935.81 512.858 10 785.512 431.346 11 787.136 739.711 12 787.136 658.278 13 787.136 586.286 14 787.726 537.898 15 1384.42 348.092 106 250.135 362.389 17 1180.67 495.065 18 925.856 569.658 19 648.782 571.006 20 1151.69 569.658 21 453.152 569.658 45 1239.91 336.887 61 1118.51 719.436 62 1080.28 493.151 24 1215.86 730.93 78 969.739 492.132 26 1547.16 871.713 74 885.942 701.223 27 885.942 615.232 28 886.353 540.351 29 687.389 701.326 30 686.807 614.41 31 686.395 539.94 32 754.938 749.715 33 1296.14 600.421 92 1330.91 186.264 55 1141.03 660.375 36 1135.02 537.512 37 1064.88 537.312 38 1007.16 537.111 39 1209.47 366.175 -1 1460.54 335.497 67 1371.84 513.268 91 375.32 476.791 43 283.765 594.93 44
4 0.966743 -0.0609251 0.246215 -0.0327673 -3.12868 -0.477081 -2.98989 4 df_hauptkatalog_0006048.jpg
530.77 91.2285 1 24.2175 572.177 10 575.656 369.201 66 776.781 667.384 102 6.32459 648.41 19 333.286 666.436 21 399.505 343.149 107 283.946 872.161 112 253.05 556.894 24 364.477 887.865 25 92.6598 546.93 26 462.009 705.178 92 534.487 158.126 35 320.417 793.833 85 317.72 622.683 37 218.336 616.532 38 133.52 613.619 39 364.66 380.213 117 684.823 364.998 41 558.846 593.786 91
5 0.99622 -0.00459035 0.0846276 -0.0190264 0.623776 0.115128 4.75845 5 df_hauptkatalog_0008642.jpg
1118.34 223.318 1 572.886 179.711 116 286.853 280.229 71 377.763 155.32 4 779.096 309.054 5 760.553 552.319 6 813.524 551.469 7 300.129 486.192 -1 231.501 499.743 69 330.29 369.481 51 772.59 393.645 8 688.97 406.905 9 865.951 413.129 10 726.044 332.487 11 780.878 566.91 12 779.441 510.285 13 778.292 458.258 14 777.429 425.491 15 1173.19 365.135 16 621.209 340.386 17 933.446 376.847 18 1027.01 381.009 52 444.972 487.81 53 430.031 372.313 54 861.238 450.995 19 695.993 447.275 20 984.242 455.495 21 1096.05 346.534 46 971.553 554.353 112 920.13 392.215 24 1085.18 571.921 25 855.951 388.904 26 834.873 540.321 27 833.6 480.463 28 833.345 429.266 29 718.979 539.302 30 716.941 477.916 31 715.922 424.681 32 1135.19 502.342 92 1124.21 253.149 35 976.173 515.809 36 969.359 429.431 37 931.08 428.028 38 898.212 427.828 39 1072.85 356.804 117 1200.24 356.836 41 1171.91 456.895 91 491.108 341.765 56 508.143 333.147 57 247.537 388.747 68 282.067 337.237 58
6 0.936017 0.00036813 -0.351788 0.0107786 5.37421 0.653513 -2.91198 6 df_hauptkatalog_0009984.jpg
935.972 37.3893 1 141.656 958.014 6 328.867 873.769 -1 155.824 130.66 8 434.979 334.619 10 188.102 974.413 12 177.837 702.688 13 180.917 454.802 14 179.377 283.899 -1 1104.89 365.538 16 409.962 466.809 -1 573.716 507.81 21 1024.01 288.484 -1 575.053 764.036 112 448.317 328.647 77 985.72 831.954 25 288.803 253.494 -1 343.78 792.73 -1 341.993 562.336 28 345.372 367.221 29 131.864 1058.37 -1 270.682 980.425 63 205.925 608.211 64 1217.52 821.257 -1 1082.53 666.159 100 955.927 107.496 35 559.688 658.193 85 539.556 444.199 37 495.944 422.805 38 451.92 407.17 39 969.411 297.693 117
7 0.779285 -0.018521 -0.625321 0.0366764 10.0616 1.86447 21.3473 7 df_hauptkatalog_0041778.jpg
1116.16 584.399 1 1298.18 561.138 116 1026.02 545.436 71 1187.69 511.707 4 853.886 570.442 5 1263.55 686.392 49 1193.04 686.048 50 1203.7 624.141 51 973.581 657.952 -1 993.328 626.511 -1 933.531 680.456 -1 976.215 678.568 -1 1318.12 623.055 59 1205.01 704.765 88 1222.04 712.807 89 1239.07 705.711 90 1231.67 637.597 -1 1271.54 685.614 44 1306 631.162 56 1329.04 631.846 57 1062.41 612.2 68 1035.65 578.614 58
8 0.912759 -0.0612454 0.402721 -0.0305775 -3.84935 -0.440999 -2.30937 8 df_hauptkatalog_0044644.jpg
430.922 280.914 71 1344.29 271.799 5 532.556 317.59 9 999.836 313.656 10 985.102 400.855 19 543.486 404.117 20 1354.31 402.16 21 244.075 404.769 45 1250.08 288.183 24 574.75 787.841 -1 921.573 612.908 27 922.619 480.089 28 923.664 355.636 29 599.983 609.771 30 604.166 478.52 31 608.872 358.774 32 712.582 670.679 -1 1553.05 430.729 92 1342.91 552.173 85 1332.69 351.52 37 1217.65 352.565 38 1120.91 353.088 39 1408.78 55.0797 117
9 0.996824 -0.0453417 0.0648534 0.00898962 0.655379 0.49376 4.02572 9 df_hauptkatalog_0046406.jpg
1002.4 459.133 1 612.186 401.56 116 391.201 461.459 71 464.475 371.902 4 747.685 505.656 5 730.123 683.234 6 768.236 684.572 7 397.301 613.447 49 345.561 619.835 50 423.277 528.278 51 745.627 568.215 8 684.75 574.406 9 810.286 585.756 10 712.609 521.097 11 743.515 692.736 12 744.611 653.647 13 746.072 615.654 14 746.438 591.543 15 1035.5 566.026 16 641.009 518.777 17 858.546 565.692 18 921.645 571.798 52 501.903 622.26 53 495.441 535.032 54 805.604 612.406 19 685.722 603.964 20 891.04 621.383 21 980.491 548.189 46 884.946 695.033 62 848.2 574.253 24 962.234 710.734 25 803.508 569.043 26 784.216 677.231 27 785.085 635.047 28 786.946 595.964 29 699.857 672.247 30 701.709 628.099 31 702.701 588.644 32 733.032 698.606 33 1002.02 662.864 92 1005.43 481.691 35 885.785 665.334 36 882.001 603.52 37 854.406 599.42 38 831.856 598.474 39 964.229 555.501 117 1055.17 560.836 41 1030.81 633.108 91 549.807 499.82 59 558.169 536.887 43 548.021 606.237 44 545.707 514.8 56 559.741 510.858 57 357.944 539.968 68 385.216 501.799 58
10 0.994644 -0.0798481 0.0653495 -0.00611444 0.357202 0.833768 4.56411 10 df_hauptkatalog_0055746.jpg
926.935 627.609 1 582.388 585.056 116 400.734 640.879 71 459.302 564.465 4 713.709 671.993 5 695.251 825.813 6 727.902 826.547 7 403.589 771.41 49 360.353 779.451 50 426.393 699.042 51 706.313 726.896 8 652.536 733.429 9 764.447 740.968 10 678.168 687.358 11 706.791 836.979 12 707.255 797.978 13 706.791 767.334 14 707.719 745.977 15 957.511 718.119 16 608.824 687.94 17 808.178 720.761 18 866.545 725.566 52 495.037 777.337 53 488.576 704.646 54 759.372 764.063 19 655.312 758.555 20 836.876 770.751 21 909.723 704.957 46 799.042 727.921 24 897.525 845.741 25 757.728 725.871 26 742.212 819.578 27 742.336 782.48 28 743.081 750.346 29 668.265 817.592 30 668.389 778.51 31 668.886 745.383 32 697.371 839.964 33 930.408 803.539 92 930.208 648.42 35 831.21 808.484 36 828.567 754.127 37 804.497 752.514 38 783.901 751.522 39 895.471 710.405 117 974.256 714.375 41 953.985 777.477 91 530.571 672.106 59 541.104 704.199 43 532.772 764.195 44 527.119 686.795 56 538.81 682.526 57 373.329 709.514 68 396.803 676.67 58
11 0.996531 -0.035503 0.0746408 -0.00974679 1.15952 0.444199 4.67509 11 df_hauptkatalog_0055747.jpg
1220.24 413.556 1 694.686 357.275 116 374.389 451.534 71 482.833 327.076 4 854.492 492.583 5 860.37 735.914 6 912.279 737.142 7 409.773 657.898 49 333.19 671.158 50 436.564 542.618 51 874.024 578.637 8 794.817 589.921 9 964.303 599.29 10 824.626 516.25 11 878.245 752.141 12 878.245 694.941 13 877.383 609.859 15 1273.59 562.32 16 745.61 521.071 17 878.245 644.352 -1 1018.85 565.673 18 1108 571.901 52 550.003 665.308 53 531.891 548.378 54 956.025 636.958 19 799.051 630.27 20 1075.03 643.253 21 1197.57 538.542 46 1013.21 580.09 24 1181.2 762.536 25 950.685 575.881 26 932.263 725.95 27 932.358 666.334 28 932.358 614.77 29 819.723 724.118 30 818.73 661.586 31 818.73 608.235 32 862.659 759.574 33 899.633 760.318 63 1233.83 693.93 92 1224.76 446.604 35 1067.75 704.372 36 1062.14 619.553 37 1025.72 616.752 38 994.391 615.987 39 1175.02 548.812 117 1298.07 552.018 41 1269.9 651.013 91 618.533 497.467 59 618.843 642.57 44 610.648 519.852 56 632.694 513.84 57 336.5 559.461 68 369.768 507.154 58
12 0.993393 -0.0385637 -0.10807 0.00190903 4.01558 0.778662 8.80905 12 df_hauptkatalog_0055748.jpg
1344.06 501.588 1 948.028 417.264 -1 297.865 488.794 -1 582.934 357.23 115 740.418 562.068 5 572.981 763.584 49 401.194 775.386 50 541.946 619.772 51 1074.15 707.201 10 1424.69 672.475 16 1038.45 616.226 17 1094.64 672.182 52 688.695 775.151 53 1067.75 750.203 19 1155.15 759.803 21 1349.8 645.224 107 1093.87 689.232 77 1330.97 902.872 94 1033.32 676.013 26 1050.51 783.036 -1 1053.36 721.639 -1 997.504 890.9 33 1391.65 824.8 92 1353.38 538.211 35 1151 831.897 85 1141.26 731.644 37 1112.09 729.121 38 1087.96 726.598 39 1320.24 654.964 117 1434.05 662.422 41 1425.7 776.332 91 882.305 579.79 59 461.981 819.589 88 503.124 837.693 89 544.268 815.475 90 799.935 637.677 43 835.441 753.992 44 858.165 608.224 56 909.47 602.612 57 283.279 628.924 -1 300.113 563.855 58
13 0.981602 -0.0881074 0.167366 -0.0261436 -2.22232 -0.801513 -3.21317 13 df_hauptkatalog_0062386.jpg
449.657 150.369 1 160.571 599.573 -1 518.436 451.914 16 212.179 732.401 21 332.252 402.573 107 116.543 612.034 24 292.145 959.355 -1 856.459 1222 108 1044.61 1058.8 -1 403.395 781.706 100 457.177 219.207 35 196.15 859.867 85 193.476 685.969 37 91.3529 673.167 -1 2.48285 663.704 -1 289.496 438.318 117 614.329 452.248 41 501.084 672.038 -1
14 0.863066 -0.0125745 0.504359 -0.0241113 -5.44135 0.426547 8.14512 14 df_hauptkatalog_0137701.jpg
1022.88 172.512 1 216.92 214.968 116 545.483 321.741 71 335.577 181.95 4 1254.55 294.905 5 611.65 667.172 6 694.563 666.949 7 663.384 453.576 8 526.725 479.014 9 791.113 471.707 10 705.6 369.957 11 660.113 686.937 12 661.293 611.405 13 660.703 542.364 14 662.473 494.566 15 991.155 393.187 82 166.168 418.627 17 1388.22 472.903 102 1432.77 491.674 103 1149.84 399.852 18 1316.75 395.781 52 780.979 526.096 19 539.272 528.305 20 370.017 533.805 45 915.67 367.497 46 917.488 442.583 77 915.694 698.189 94 858.532 434.578 26 205.49 873.41 108 749.44 650.327 27 750.088 553.533 -1 750.088 495.586 29 573.334 652.593 30 575.276 569.719 31 573.981 499.795 32 629.662 698.885 33 688.247 699.656 63 932.727 590.276 92 1017.66 220.753 35 866.174 490.105 39 911.003 383.126 117 1070.2 369.626 41 980.03 524.236 91 306.667 444.968 43 219.716 567.939 80 526.287 393.062 58
15 0.999698 -0.0234596 -0.00152826 -0.00716194 2.29047 0.382903 5.05757 15 df_hauptkatalog_0137702.jpg
1305.43 336.017 1 754.319 256.573 116 243.766 359.35 71 442.099 212.128 4 898.745 720.188 6 953.983 720.755 7 381.958 623.292 49 250.576 637.737 50 388.149 479.529 51 908.102 528.607 8 1006.33 554.586 10 916.669 741.642 -1 914.308 670.83 13 913.128 608.87 14 912.538 566.383 15 1384.02 512.095 16 831.695 460.756 17 1023.42 514.272 18 1120 522.165 52 535.156 630.965 53 494.803 487.662 54 998.213 601.695 19 1125.63 608.367 21 1294.64 485.034 46 1042.26 530.56 24 1278.08 754.265 94 978.812 525.056 26 971.879 708.503 27 970.908 635.341 28 971.231 572.539 29 903.462 748.732 33 939.545 751.463 63 1342.26 670.877 92 1313.35 373.968 35 1116.9 682.153 36 1107.16 579.827 37 1068.08 575.618 38 1035.21 574.816 39 1264.93 495.578 117 1403.61 501.189 41 1382.03 619.998 91 670.292 426.199 59 303.928 681.88 88 335.003 698.181 89 367.351 676.276 90 639.98 488.969 43 654.681 453.794 56 692.368 448.433 57 207.906 499.396 68 242.798 433.23 58
16 0.856973 0.00689617 0.515061 -0.0161872 -5.23842 0.141015 8.14265 16 df_hauptkatalog_0144291.jpg
979.821 236.902 1 533.78 263.071 116 716.535 321.741 71 599.494 244.462 4 1108.37 302.676 5 754.915 513.128 6 799.108 512.076 7 781.167 394.896 8 708.986 410.439 9 851.431 404.903 10 804.801 347.627 11 781.146 523.173 12 781.61 480.922 13 781.146 442.85 14 780.682 417.314 15 962.686 357.883 16 507.675 376.92 17 1182.07 402.149 102 1206.94 412.1 103 1050.21 362.797 18 1142.49 359.63 52 847.157 433.967 19 713.654 437.717 20 621.651 439.217 45 920.64 345.279 46 944.754 512.072 -1 921.459 387.073 77 921.411 528.867 94 889.185 383.045 26 535.314 626.604 -1 829.896 502.599 27 829.423 457.5 28 829.081 418.041 29 733.075 504.176 30 733.706 459.708 31 733.233 421.074 32 764.297 529.879 33 795.204 529.564 63 1081.87 562.15 -1 930.145 469.608 92 975.993 263.036 35 888.977 413.364 39 905.768 357.681 87 1006.38 346.16 41 956.484 432.597 91 586.036 391.17 43 537.397 459.649 80 705.911 361.797 58
17 0.928926 -0.0820554 0.356514 -0.0571097 -3.14275 -0.292157 -1.59362 17 df_hauptkatalog_0170639.jpg
1320.92 170.535 48 326.827 200.099 81 515.299 486.872 71 381.521 286.574 72 1121.36 474.307 5 769.122 738.834 6 858.911 737.081 7 808.495 519.866 8 661.823 543.409 9 955.437 537.726 10 807.683 456.001 11 814.2 759.613 12 812.526 681.767 13 811.776 610.519 14 811.026 563.27 15 1374.16 384.775 82 293.542 409.525 86 944.09 591.119 19 673.849 596.685 20 1163.65 587.624 21 485.585 600.969 45 1241.78 369.544 61 1095.45 512.307 24 1222.45 746.869 78 987.006 514.896 26 1363.86 880.972 74 910.577 721.899 27 908.573 637.325 28 906.97 564.175 29 716.17 725.101 30 714.185 640.732 31 712.971 567.782 32 783.015 772.202 33 846.145 771.4 63 1297.16 619.264 92 1326.44 219.847 55 1153.77 677.414 36 1148.7 556.306 37 1081.37 557.308 38 1024.25 558.911 39 1366.01 539.167 91
18 0.928575 -0.0924933 0.355172 -0.0552001 -3.14001 -0.359968 -1.58688 18 df_hauptkatalog_0170640.jpg
1174.64 307.02 48 462.147 320.324 47 594.446 528.751 71 499.841 382.408 72 1029.75 522.615 5 775.215 710.188 6 839.653 709.636 7 804.949 553.123 8 699.979 569.092 9 910.346 566.963 10 804.524 507.131 11 808.034 725.406 12 807.194 669.121 13 806.634 617.316 14 806.354 582.453 15 1211.86 457.422 82 436.386 467.922 86 901.754 605.627 19 708.248 608.169 20 1059.99 605.31 21 571.3 609.758 45 1117.05 448.272 61 1011.05 549.304 24 1101 718.637 78 933.688 550.907 26 1200.8 815.282 74 876.945 698.829 27 876.652 638.011 28 874.992 585.1 29 736.951 700.139 30 736.658 639.809 31 735.682 586.995 32 785.165 734.753 33 830.737 734.438 63 1519.91 750.698 -1 1154.53 629.099 92 1177.71 342.038 55 1052.74 670.379 36 1048.18 581.685 37 1001.08 582.287 38 959.596 582.687 39 1204.97 572.457 91
19 0.998229 -0.00219457 0.0564322 -0.0186881 0.780791 0.197007 4.02805 19 df_hauptkatalog_0282298.jpg
1001.98 316.121 -1 579.674 280.119 47 342.78 365.804 71 417.304 258.878 72 725.842 388.125 5 727.291 587.117 -1 763.844 586.226 7 364.703 533.619 49 308.686 544.985 69 384.999 437.552 51 667.116 469.434 9 802.964 472.952 10 692.824 407.734 11 739.509 599.688 -1 737.682 552.562 13 735.49 510.186 14 734.394 482.421 15 1046.79 429.678 106 620.05 410.179 86 851.541 445.721 18 920.294 447.756 52 477.231 535.165 53 462.932 438.889 54 798.4 504.786 19 671.516 501.095 20 893.608 506.359 21 985.716 417.562 107 891.396 587.243 62 842.531 456.24 24 976.546 600.7 25 793.646 452.89 26 781.766 575.79 27 779.533 529.635 28 778.416 486.21 29 691.442 575.914 30 689.457 528.271 31 688.464 482.984 32 726.056 605.218 33 754.913 605.06 63 737.969 536.459 64 1015.9 544.153 92 1007.08 341.336 -1 889.413 556.094 36 880.167 486.271 37 851.134 485.527 38 825.947 484.906 39 967.847 426.013 87 1066.83 424.297 -1 1044.33 507.193 91 520.224 395.552 59 531.28 437.069 43 527.049 515.194 44 516.416 410.983 -1 530.846 406.574 -1 314.588 455.282 68 340.81 411.256 58
20 0.996649 -0.0321043 0.0751118 -0.00423219 1.06592 0.40899 3.90622 20 df_hauptkatalog_0353561.jpg
1129.88 392.681 1 697.494 340.478 116 440.116 415.531 71 525.681 311.206 4 833.942 453.525 5 832.251 653.236 6 873.345 654.514 7 463.762 587.226 49 400.823 596.168 69 485.774 489.205 51 844.65 523.58 8 777.302 532.794 9 918.363 541.003 10 804.945 472.818 11 846.248 666.554 12 846.712 619.66 13 847.176 576.944 14 846.712 550.015 15 1174.28 510.524 16 736.296 474.525 17 965.354 516.612 18 1035.2 520.636 52 578.346 592.296 53 564.616 494.164 54 912.735 572.465 19 781.481 565.715 20 1010.74 579.716 21 1110.38 492.844 46 1004.24 661.083 62 956.556 526.236 24 1094.32 677.718 25 907.055 521.827 26 891.076 645.126 27 891.878 598.029 28 892.278 554.139 29 799.287 641.519 30 798.686 593.219 31 799.488 548.126 32 834.168 671.723 33 863.971 672.669 63 848.791 604.119 64 1137.95 621.59 92 1134.55 417.77 35 1003.96 628.07 36 997.175 559.003 37 966.426 556.795 38 940.25 555.061 39 1091.18 501.082 117 1193.36 505.024 41 1169.71 586.391 91 632.648 452.726 59 639.072 496.181 43 632.402 574.741 44 627.129 471.649 56 643.529 467.391 57 407.166 504.357 68 436.025 461.669 58
21 0.938578 -0.0424811 0.34183 -0.0204881 -3.05902 -0.222748 -1.28287 21 df_hauptkatalog_0401639.jpg
1352.58 16.8202 1 401.59 304.184 71 266.333 65.4533 4 1135.87 319.137 5 703.435 622.913 6 809.661 623.48 7 761.141 367.86 8 590.463 389.049 9 929.07 396.219 10 758.48 291.32 11 755.36 649.812 12 758.271 556.2 13 759.562 472.153 14 761.062 418.155 15 1402.66 246.248 66 176.689 222.019 17 918.274 457.069 19 600.052 452.223 20 1173.67 464.851 21 374.308 447.781 45 1254.96 231.846 46 1133.26 633.16 112 1094.68 373.948 24 1229.88 654.828 25 969.721 369.093 26 1274.25 802.985 74 872.135 607.423 27 872.827 511.912 28 874.158 423.357 29 641.86 603.694 30 643.643 507.412 31 645.426 417.753 32 719.042 660.904 33 793.628 663.112 63 758.296 522.326 64 1313.59 515.39 92 1357.48 68.1022 35 1160.57 567.666 85 1155.8 426.523 37 1076.33 423.721 38 1011.13 422.448 39 1224.75 255.798 117 1488.48 237.695 41 1392.08 427.244 91 286.217 333.915 43 184.648 471.195 80
22 0.9272 -0.110679 0.352716 -0.0603487 -3.16317 -1.14547 -4.97634 22 df_hauptkatalog_0401640.jpg
328.954 879.323 6 801.242 875.627 7 565.408 989.992 12 562.312 609.39 -1 561.101 301.686 14 562.312 105.434 15 1050.3 815.425 27 1024.96 438.708 -1 1004.69 121.117 29 75.5665 818.804 30 100.156 440.594 -1 116.771 119.597 32 402.782 1056.4 33 731.171 1053.26 63 562.971 479.037 64
23 0.99585 -0.00442701 0.0907688 -0.00494863 0.901691 0.181911 4.17955 23 df_pos-2016-c_0000037.jpg
1177.25 306.827 1 685.851 256.233 116 411.945 339.393 71 500.921 225.993 4 855.079 378.938 5 847.614 599.296 -1 888.179 599.073 7 428.398 526.59 49 365.074 536.874 50 457.353 422.134 51 856.101 455.789 8 780.939 467.074 9 937.65 476.23 10 814.239 401.156 11 859.075 561.821 13 858.788 516.118 14 858.5 484.788 15 1223.73 440.57 16 727.242 406.821 17 998.031 446.347 18 1077.19 452.679 52 558.898 533.479 53 546.067 426.722 54 932.062 510.98 19 784.871 502.199 20 1043.14 516.377 21 1153.47 420.178 46 985.193 463.646 77 1134.5 627.867 25 928.891 453.814 26 908.808 589.217 27 909.383 538.76 28 910.678 488.582 29 804.892 586.536 30 803.79 534.414 31 804.82 483.079 32 847.145 619.029 33 861.241 543.999 64 1184.2 561.63 92 1181.91 336.719 35 1036.98 571.456 36 1029.21 492.144 37 994.58 490.34 38 965.423 488.231 39 1131.86 429.623 117 1247.92 432.934 41 1218.9 522.816 91 613.162 381.804 59 625.269 427.445 43 616.439 513.045 44 607.703 402.523 56 624.453 396.692 57 375.709 439.275 68 408.176 391.177 58
