# Camera list with one line of data per camera:
#   CAMERA_ID, MODEL, WIDTH, HEIGHT, PARAMS[]
# Number of cameras: 20
1 SIMPLE_RADIAL 1600 1185 1732.04 800 592.5 -0.0754723
2 SIMPLE_RADIAL 1600 1135 1697 800 567.5 0.0271342
3 SIMPLE_RADIAL 1600 1129 1610.77 800 564.5 -0.0828261
4 SIMPLE_RADIAL 1600 1130 1508.53 800 565 -0.0246165
5 SIMPLE_RADIAL 1600 1192 2313.29 800 596 -0.17543
6 SIMPLE_RADIAL 1600 1115 2676.05 800 557.5 -0.043664
7 SIMPLE_RADIAL 1591 1208 2702.95 795.5 604 -0.082405
8 SIMPLE_RADIAL 1570 1229 1935.18 785 614.5 -0.0460687
9 SIMPLE_RADIAL 1600 1132 1118.59 800 566 -0.0262044
10 SIMPLE_RADIAL 1600 1146 999.895 800 573 -0.0284318
11 SIMPLE_RADIAL 1600 1123 1227.1 800 561.5 0.0132628
12 SIMPLE_RADIAL 1032 1600 2560.24 516 800 -0.464628
13 SIMPLE_RADIAL 1600 1071 2324.11 800 535.5 -0.282973
14 SIMPLE_RADIAL 1600 1184 1803.09 800 592 -0.036372
15 SIMPLE_RADIAL 1600 1150 2131.93 800 575 -0.222992
16 SIMPLE_RADIAL 1600 1177 2206.04 800 588.5 -0.0688218
17 SIMPLE_RADIAL 1600 1177 2159.9 800 588.5 -0.0777381
18 SIMPLE_RADIAL 1600 1175 2204.35 800 587.5 -0.11057
19 SIMPLE_RADIAL 1600 1129 2673.74 800 564.5 -0.196609
20 SIMPLE_RADIAL 1581 1218 1893 790.5 609 -0.23509
